SELECT ST_AsText(ST_Transform(ST_GeomFromText('MULTILINESTRING((73.0350808370001 26.2732969050001,73.0312840000001 26.270607,73.0273250000001 26.2719440000001,73.0255220000001 26.2727139990001,73.024235 26.272597999,73.0231619990001 26.272098,73.0228190000001 26.2716360000001,73.018804565 26.2702722540001),(73.038826 26.2852,73.0385680000001 26.2834300000001,73.038375 26.2823529990001,73.038172279 26.281798445,73.037925 26.281122,73.0368950000001 26.2782549990001,73.0364862120001 26.27627491,73.036465999 26.2761770000001,73.0363193460001 26.275214653,73.036208935 26.274490133,73.036208 26.274484,73.0355750000001 26.273647,73.0350808370001 26.2732969050001),(73.038630631 26.2938612570001,73.0386540000001 26.293415,73.038998 26.289721,73.038461 26.289548,73.037496 26.288798,73.03668 26.2883360000001,73.0368300010001 26.287086,73.037066 26.286239,73.0382680000001 26.2855079990001,73.038826 26.2852),(73.018804565 26.2702722540001,73.0186418690001 26.2690633990001,73.0184840000001 26.267191,73.0170680000001 26.2572040000001,73.0145790010001 26.238959999,73.0144070000001 26.2379980000001))
',2249),3857)) As wgs_geom;

select startingtime ,endingtime from routedetail where route = '1'
[('02:00', '02:01'), ('02:01', '02:03'), ('02:03', '03:06'), ('03:06', '03:10')]
02:00, 02:01, 02:01, 02:03, 02:03, 03:06, 03:06, 03:10

 MULTILINESTRING((-8198808.92789283 4061674.89628713,-8198808.92925328 4061674.89526615,-8198808.93070995 4061674.89571957,-8198808.93137483 4061674.89598512,-8198808.9318433 4061674.8959307,-8198808.93223016 4061674.89573752,-8198808.93235105 4061674.89556503,-8198808.93380309 4061674.89502808),(-8198808.92663602 4061674.90068438,-8198808.92671385 4061674.90003327,-8198808.92677435 4061674.89963676,-8198808.92684321 4061674.89943163,-8198808.9269272 4061674.89918142,-8198808.92727659 4061674.8981211,-8198808.92740751 4061674.8973916,-8198808.92741398 4061674.89735553,-8198808.92745863 4061674.89700146,-8198808.92749224 4061674.8967349,-8198808.92749253 4061674.89673264,-8198808.92771576 4061674.89642001,-8198808.92789283 4061674.89628713),(-8198808.926787 4061674.90385703,-8198808.92677437 4061674.90369369,-8198808.92661487 4061674.90234297,-8198808.92680919 4061674.9022746,-8198808.92715435 4061674.9019908,-8198808.92744781 4061674.90181393,-8198808.92738158 4061674.90135717,-8198808.92728768 4061674.90104892,-8198808.92684243 4061674.90079211,-8198808.92663602 4061674.90068438),(-8198808.93380309 4061674.89502808,-8198808.93385132 4061674.89458351,-8198808.93389169 4061674.8938958,-8198808.93431638 4061674.89022235,-8198808.93505655 4061674.8835127,-8198808.93511045 4061674.88315853)) 


 0.0001055,-8198808.45280746 4061675.02545572,-8198808.45455979 4061675.02535483 
 0.0003056,-8198808.45455979 4061675.02535483,-8198808.45783323 4061675.02594743 
 0.0005968,-8198808.45783323 4061675.02594743,-8198808.46241631 4061675.02752014 
 0.0011633,-8198808.46241631 4061675.02752014,-8198808.47132933 4061675.03058728 
 0.0013728,-8198808.47132933 4061675.03058728,-8198808.47464615 4061675.03165701 
 0.0014785,-8198808.47464615 4061675.03165701,-8198808.47640272 4061675.03172509 
 0.0015697,-8198808.47640272 4061675.03172509,-8198808.47790052 4061675.03149019 
 0.0017057,-8198808.47790052 4061675.03149019,-8198808.48015942 4061675.03160201 
 0.0017897,-8198808.48015942 4061675.03160201,-8198808.48154304 4061675.03179213 
 0.0018565,-8198808.48154304 4061675.03179213,-8198808.48255349 4061675.03225574 
 0.0018565,-8198808.48255349 4061675.03225574,-8198808.48255349 4061675.03225574 
 0.0018819,-8198808.48255349 4061675.03225574,-8198808.48293759 4061675.03243197 
 0.0019472,-8198808.48293759 4061675.03243197,-8198808.48370892 4061675.03320056 
 0.0020376,-8198808.48370892 4061675.03320056,-8198808.48473936 4061675.03429999 
 0.0051607,-8198808.48473936 4061675.03429999,-8198808.43584111 4061675.01671594 
 0.0054134,-8198808.43584111 4061675.01671594,-8198808.44000597 4061675.0172786 
 0.0058883,-8198808.44000597 4061675.0172786,-8198808.44669227 4061675.02150094 
 0.0063257,-8198808.44669227 4061675.02150094,-8198808.45280746 4061675.02545572 
 0.0074722,-8198808.45280746 4061675.02545572,-8198808.43584111 4061675.01671594 
 0.0074773,-8198808.43584111 4061675.01671594,-8198808.43587366 4061675.01663804 
 0.0086242,-8198808.43587366 4061675.01663804,-8198808.45280746 4061675.02545572 


LINESTRING(94.3997735 27.3087155000001,
94.4001283000001 27.3042098, 
   
94.4002119 27.3038977000001,
94.4008811 27.3024557000001,

94.4008978000001 27.3021286000001,
94.4008142000001 27.3014894,94.400513 27.300865,
94.4003123000001 27.3005380000001,
94.4002286 27.3003299000001) 



############## find geom from table
select ST_AsText(geom) from network where id in(7347 ,7345, 7341, 7342, 7377)

SELECT ST_Length(ST_Transform(ST_GeomFromEWKT('SRID=4326;LINESTRING(94.3997735 27.3087155000001,94.4001283000001 27.3042098)'),26986));


line1 -2
line2 -3
line3 -4
line4 -5
line5 -6
line6 -7
line7 -8



SELECT ST_Length(ST_Transform(ST_GeomFromEWKT('SRID=4326;LINESTRING(94.3997735 27.3087155000001,94.4001283000001 27.3042098)'),26986));
516.596211902576/50


